Rajkumar Singh Gond vs The State Of Madhya Pradesh on 5 June, 2023
Rajkumar Singh Gond vs The State Of Madhya Pradesh on 5
June, 2023
Author: Sujoy Paul
Bench: Sujoy Paul
IN THE HIGH COURT OF MADHYA PRADESH
AT JABALPUR
.................................
Dated: 05-06-2023 Due to paucity of time, following matters could not be taken up, therefore,
adjourned as under:
Serial Numbers Next date of listing 3, 69, 72, 73, 76, 77, 80, 81, 82, 84, 88, 89, 90, 91,
92, 96, 98, 99, 103, 104, 105, 106, 112, 114, 117, 119, 127, 129, 139, 149, 150, 151, 153,
08/06/2023 154, 155, 158, 161, 162, 166, 167, 169, 174, 180, 185, 186, 188, 189, 193,
194, 198, 201, 202, 203, 204, 208, 209, 215, 216, 219, 220, 226, 236, 240, 242, 243,
248, 255, 261, 262, 268, 270, 272, 278, 281, 283, 286, 289, 291, 292, 299, 311, 315,
316, 319, 320, 322, 323, 331, 333, 336, 337, 338, 339, 341, 342, 343, 344, 345, 346,
349, 351, 352, 354, 357, 361, 362, 365, 367, 369, 370, 371, 373, 374, 375, 377, 379,
380, 381, 382, 384, 386, 387, 388, 391, 392, 393, 397, 402, 403, 404, 406, 408, 409,
414, 424, 427, 430, 431, 434, 435, 438, 439, 440, 441, 442, 446, 452, 455, 462, 466,
469, 470, 474, 475, 480, 481, 482, 484, 489, 490, 491, 507, 510, 517, 519, 520, 522,
525, 526, 527, 530, 544, 547, 549, 550, 554, 556, 557, 558, 560, 561, 566, 568, 573,
579, 583, 591, 592, 594.
Including connected matters (SUJOY PAUL) JUDGE MANJU 2023.06.06 11:35:17
+05'30'
Indian Kanoon - http://indiankanoon.org/doc/116522064/ 1
